sample_rate=44100
reference_first_nonzero=[11122, 11122]
candidate_first_nonzero=[11122, 11122]
lag_samples=0
lag_ms=0.000000
direct_ch1_rms=0.000000068370;direct_ch1_db=-143.302650;direct_ch1_peak=0.000000119209;direct_ch1_length=92610
direct_ch2_rms=0.000000068375;direct_ch2_db=-143.302080;direct_ch2_peak=0.000000119209;direct_ch2_length=92610
aligned_ch1_rms=0.000000068370;aligned_ch1_db=-143.302650;aligned_ch1_peak=0.000000119209;aligned_ch1_length=92610
aligned_ch2_rms=0.000000068375;aligned_ch2_db=-143.302080;aligned_ch2_peak=0.000000119209;aligned_ch2_length=92610
