sample_rate=44100
reference_first_nonzero=[None, None]
candidate_first_nonzero=[None, None]
lag_samples=0
lag_ms=0.000000
direct_ch1_rms=0.000000000000;direct_ch1_db=-300.000000;direct_ch1_peak=0.000000000000;direct_ch1_length=92610
direct_ch2_rms=0.000000000000;direct_ch2_db=-300.000000;direct_ch2_peak=0.000000000000;direct_ch2_length=92610
aligned_ch1_rms=0.000000000000;aligned_ch1_db=-300.000000;aligned_ch1_peak=0.000000000000;aligned_ch1_length=92610
aligned_ch2_rms=0.000000000000;aligned_ch2_db=-300.000000;aligned_ch2_peak=0.000000000000;aligned_ch2_length=92610
