sample_rate=44100
reference_first_nonzero=[11122, 11122]
candidate_first_nonzero=[11122, 11122]
lag_samples=0
lag_ms=0.000000
direct_ch1_rms=0.000000068430;direct_ch1_db=-143.295101;direct_ch1_peak=0.000000119209;direct_ch1_length=92610
direct_ch2_rms=0.000000068384;direct_ch2_db=-143.300940;direct_ch2_peak=0.000000119209;direct_ch2_length=92610
aligned_ch1_rms=0.000000068430;aligned_ch1_db=-143.295101;aligned_ch1_peak=0.000000119209;aligned_ch1_length=92610
aligned_ch2_rms=0.000000068384;aligned_ch2_db=-143.300940;aligned_ch2_peak=0.000000119209;aligned_ch2_length=92610
