sample_rate=44100
reference_first_nonzero=[2091, 2091]
candidate_first_nonzero=[2091, 2091]
lag_samples=0
lag_ms=0.000000
direct_ch1_rms=0.000000083618;direct_ch1_db=-141.554054;direct_ch1_peak=0.000000119209;direct_ch1_length=132300
direct_ch2_rms=0.000000083618;direct_ch2_db=-141.554054;direct_ch2_peak=0.000000119209;direct_ch2_length=132300
aligned_ch1_rms=0.000000083618;aligned_ch1_db=-141.554054;aligned_ch1_peak=0.000000119209;aligned_ch1_length=132300
aligned_ch2_rms=0.000000083618;aligned_ch2_db=-141.554054;aligned_ch2_peak=0.000000119209;aligned_ch2_length=132300
